MAIN:
00000000
00000000
10100000
10120000
10010000
10001001
10020001
10020021
10020010
11012011
10210202
10100101
10100102
10100110
10100100
12002100
10010100
10010100
10010100
10010100
10020020
20101020
01020010
11001001
01022001
01000101
01010001
01002001
01010201
11000201
10100201
11020101
00102001
01102010
11010201
10010201
10010200
10100201
10010201
02010201
12100201
01010201
10010001
20010021
10020001
01010201
10101001
00010201
20010201
10010212
10110201
12010212
10020201
10210201
11020212
11020212
10020121
10010212
10210201
10210212
10210221
10110212
10010212
10122202
10010212
01020121
10010201
12010202
12010010
10010010
10020121
12210220
12020100
10020010
10020101
10102010
10020100
10020000
10020002
10010002
10002010
10102010
00200100
00000102
00010200
10000100
00010200
10010200
20021002
10200120
10201020
00001020
10100020
10100201
10101000
10100002
00101020
00100020
10002000
10002000
10002000
10020002
10000202
10000202
10100200
10100200
10010200
10010202
10210212
10210020
10210202
10100202
10210212
12110222
10000212
10221020
10201122
10210212
10100200
10210212
00010222
10210212
11201212
21102220
10122120
11221210
21112220
10201212
11221211
21112120
10120212
12120202
10210212
10122021
21112220
10201212
10201210
20100021
12010202
12010220
10010212
10020101
12010000
12020102
10021000
00000000
00000000
00000010
00000020
00000010
00000020
00000010
00000020
00000010
00000020
00000010
00000020
00000010
00000020
00000000
00000000
MAINEND
BPM:78 END
PERSIZE:8 END
PlAYDELAY:1  END